30 10 10 3
30 12 10 3
30 14 10 3
30 16 10 3
30 18 10 3
30 20 10 3
30 22 10 3
30 24 10 3
30 26 10 3
30 28 10 3
30 30 10 3
30 10 12 3
30 12 12 3
30 14 12 3
30 16 12 3
30 18 12 3
30 20 12 3
30 22 12 3
30 24 12 3
30 26 12 3
30 28 12 3
30 30 12 3
30 10 14 3
30 12 14 3
30 14 14 3
30 16 14 3
30 18 14 3
30 20 14 3
30 22 14 3
30 24 14 3
30 26 14 3
30 28 14 3
30 30 14 3
30 10 16 3
30 12 16 3
30 14 16 3
30 16 16 3
30 18 16 3
30 20 16 3
30 22 16 3
30 24 16 3
30 26 16 3
30 28 16 3
30 30 16 3
30 10 18 3
30 12 18 3
30 14 18 3
30 16 18 3
30 18 18 3
30 20 18 3
30 22 18 3
30 24 18 3
30 26 18 3
30 28 18 3
30 30 18 3
30 10 20 3
30 12 20 3
30 14 20 3
30 16 20 3
30 18 20 3
30 20 20 3
30 22 20 3
30 24 20 3
30 26 20 3
30 28 20 3
30 30 20 3
30 10 22 3
30 12 22 3
30 14 22 3
30 16 22 3
30 18 22 3
30 20 22 3
30 22 22 3
30 24 22 3
30 26 22 3
30 28 22 3
30 30 22 3
30 10 24 3
30 12 24 3
30 14 24 3
30 16 24 3
30 18 24 3
30 20 24 3
30 22 24 3
30 24 24 3
30 26 24 3
30 28 24 3
30 30 24 3
30 10 26 3
30 12 26 3
30 14 26 3
30 16 26 3
30 18 26 3
30 20 26 3
30 22 26 3
30 24 26 3
30 26 26 3
30 28 26 3
30 30 26 3
30 10 28 3
30 12 28 3
30 14 28 3
30 16 28 3
30 18 28 3
30 20 28 3
30 22 28 3
30 24 28 3
30 26 28 3
30 28 28 3
30 30 28 3
30 10 30 3
30 12 30 3
30 14 30 3
30 16 30 3
30 18 30 3
30 20 30 3
30 22 30 3
30 24 30 3
30 26 30 3
30 28 30 3
30 30 30 3
