80 10 0 3
80 11 0 3
80 12 0 3
80 13 0 3
80 14 0 3
80 15 0 3
80 16 0 3
80 17 0 3
80 18 0 3
80 19 0 3
80 20 0 3
80 21 0 3
80 22 0 3
80 23 0 3
80 24 0 3
80 25 0 3
80 26 0 3
80 27 0 3
80 28 0 3
80 29 0 3
80 30 0 3
80 31 0 3
80 32 0 3
80 33 0 3
80 34 0 3
80 35 0 3
80 36 0 3
80 37 0 3
80 38 0 3
80 39 0 3
80 40 0 3
80 41 0 3
80 42 0 3
80 43 0 3
80 44 0 3
80 45 0 3
80 46 0 3
80 47 0 3
80 48 0 3
80 49 0 3
80 50 0 3
80 51 0 3
80 52 0 3
80 53 0 3
80 54 0 3
80 55 0 3
80 56 0 3
80 57 0 3
80 58 0 3
80 59 0 3
80 60 0 3
80 61 0 3
80 62 0 3
80 63 0 3
80 64 0 3
80 65 0 3
80 66 0 3
80 67 0 3
80 68 0 3
80 69 0 3
80 70 0 3
80 71 0 3
80 72 0 3
80 73 0 3
80 74 0 3
80 75 0 3
80 76 0 3
80 77 0 3
80 78 0 3
80 79 0 3
80 80 0 3
80 81 0 3
80 82 0 3
80 83 0 3
80 84 0 3
80 85 0 3
80 86 0 3
80 87 0 3
80 88 0 3
80 89 0 3