30 10 10 1
30 12 10 1
30 14 10 1
30 16 10 1
30 18 10 1
30 20 10 1
30 22 10 1
30 24 10 1
30 26 10 1
30 28 10 1
30 30 10 1
30 10 12 1
30 12 12 1
30 14 12 1
30 16 12 1
30 18 12 1
30 20 12 1
30 22 12 1
30 24 12 1
30 26 12 1
30 28 12 1
30 30 12 1
30 10 14 1
30 12 14 1
30 14 14 1
30 16 14 1
30 18 14 1
30 20 14 1
30 22 14 1
30 24 14 1
30 26 14 1
30 28 14 1
30 30 14 1
30 10 16 1
30 12 16 1
30 14 16 1
30 16 16 1
30 18 16 1
30 20 16 1
30 22 16 1
30 24 16 1
30 26 16 1
30 28 16 1
30 30 16 1
30 10 18 1
30 12 18 1
30 14 18 1
30 16 18 1
30 18 18 1
30 20 18 1
30 22 18 1
30 24 18 1
30 26 18 1
30 28 18 1
30 30 18 1
30 10 20 1
30 12 20 1
30 14 20 1
30 16 20 1
30 18 20 1
30 20 20 1
30 22 20 1
30 24 20 1
30 26 20 1
30 28 20 1
30 30 20 1
30 10 22 1
30 12 22 1
30 14 22 1
30 16 22 1
30 18 22 1
30 20 22 1
30 22 22 1
30 24 22 1
30 26 22 1
30 28 22 1
30 30 22 1
30 10 24 1
30 12 24 1
30 14 24 1
30 16 24 1
30 18 24 1
30 20 24 1
30 22 24 1
30 24 24 1
30 26 24 1
30 28 24 1
30 30 24 1
30 10 26 1
30 12 26 1
30 14 26 1
30 16 26 1
30 18 26 1
30 20 26 1
30 22 26 1
30 24 26 1
30 26 26 1
30 28 26 1
30 30 26 1
30 10 28 1
30 12 28 1
30 14 28 1
30 16 28 1
30 18 28 1
30 20 28 1
30 22 28 1
30 24 28 1
30 26 28 1
30 28 28 1
30 30 28 1
30 10 30 1
30 12 30 1
30 14 30 1
30 16 30 1
30 18 30 1
30 20 30 1
30 22 30 1
30 24 30 1
30 26 30 1
30 28 30 1
30 30 30 1
