20 80 0 1
21 80 0 1
22 80 0 1
23 80 0 1
24 80 0 1
25 80 0 1
26 80 0 1
27 80 0 1
28 80 0 1
29 80 0 1
30 80 0 1
31 80 0 1
32 80 0 1
33 80 0 1
34 80 0 1
35 80 0 1
36 80 0 1
37 80 0 1
38 80 0 1
39 80 0 1
40 80 0 1
41 80 0 1
42 80 0 1
43 80 0 1
44 80 0 1
45 80 0 1
46 80 0 1
47 80 0 1
48 80 0 1
49 80 0 1
50 80 0 1
51 80 0 1
52 80 0 1
53 80 0 1
54 80 0 1
55 80 0 1
56 80 0 1
57 80 0 1
58 80 0 1
59 80 0 1
60 80 0 1
61 80 0 1
62 80 0 1
63 80 0 1
64 80 0 1
65 80 0 1
66 80 0 1
67 80 0 1
68 80 0 1
69 80 0 1
70 80 0 1
71 80 0 1
72 80 0 1
73 80 0 1
74 80 0 1
75 80 0 1
76 80 0 1
77 80 0 1
78 80 0 1
79 80 0 1
80 80 0 1
