80 10 0 1
80 11 0 1
80 12 0 1
80 13 0 1
80 14 0 1
80 15 0 1
80 16 0 1
80 17 0 1
80 18 0 1
80 19 0 1
80 20 0 1
80 21 0 1
80 22 0 1
80 23 0 1
80 24 0 1
80 25 0 1
80 26 0 1
80 27 0 1
80 28 0 1
80 29 0 1
80 30 0 1
80 31 0 1
80 32 0 1
80 33 0 1
80 34 0 1
80 35 0 1
80 36 0 1
80 37 0 1
80 38 0 1
80 39 0 1
80 40 0 1
80 41 0 1
80 42 0 1
80 43 0 1
80 44 0 1
80 45 0 1
80 46 0 1
80 47 0 1
80 48 0 1
80 49 0 1
80 50 0 1
80 51 0 1
80 52 0 1
80 53 0 1
80 54 0 1
80 55 0 1
80 56 0 1
80 57 0 1
80 58 0 1
80 59 0 1
80 60 0 1
80 61 0 1
80 62 0 1
80 63 0 1
80 64 0 1
80 65 0 1
80 66 0 1
80 67 0 1
80 68 0 1
80 69 0 1
80 70 0 1
80 71 0 1
80 72 0 1
80 73 0 1
80 74 0 1
80 75 0 1
80 76 0 1
80 77 0 1
80 78 0 1
80 79 0 1
80 80 0 1
80 81 0 1
80 82 0 1
80 83 0 1
80 84 0 1
80 85 0 1
80 86 0 1
80 87 0 1
80 88 0 1
80 89 0 1
